> Sys.time()
[1] "2015-01-27 20:44:53 EST"
> result_dc4_2009_nb100 = model(modelFns, specPmv, D) 
[1] -4118.31
[1] -4115.313
[1] -4096.506
[1] -3905.687
[1] -3903.773
[1] -3739.603
[1] -3604.35
[1] -3555.03
[1] -3526.119
[1] -3498.176
[1] -3485.029
[1] -3468.484
[1] -3442.659
[1] -3438.539
[1] -3423.341
[1] -3394.249
[1] -3381.06
[1] -3358.282
[1] -3357.949
[1] -3355.912
[1] -3354.635
[1] -3351.027
[1] -3307.281
[1] -3275.969
[1] -3235.09
[1] -3221.585
[1] -3221.265
[1] -3221.164
[1] -3193.189
[1] -3168.132
[1] -3147.504
[1] -3121.465
[1] -3111.499
[1] -3088.709
[1] -3079.874
[1] -3072.927
[1] -3067.311
[1] -3056.824
[1] -3052.007
[1] -3048.881
[1] -3034.839
[1] -3030.922
[1] -3027.489
[1] -3024.223
[1] -3012.477
[1] -2999.926
[1] -2996.197
[1] -2990.99
[1] -2982.387
[1] -2963.967
[1] -2927.45
[1] -2910.392
[1] -2908.949
[1] -2876.113
[1] -2874.662
[1] -2861.979
[1] -2861.759
bootstrap iteration  1 
bootstrap iteration  2 
bootstrap iteration  3 
bootstrap iteration  4 
bootstrap iteration  5 
bootstrap iteration  6 
bootstrap iteration  7 
bootstrap iteration  8 
bootstrap iteration  9 
bootstrap iteration  10 
> Sys.time()
[1] "2015-01-28 10:09:47 EST"
> result_dc4_2009_nb100
        name beta_hat    SD      t     p
1      const   -0.831 0.700 -1.188 0.235
2    DRVRCNT    1.640 0.616  2.661 0.008
3    HHR_SEX    0.800 0.462  1.730 0.084
4      const   -3.502 0.943 -3.714 0.000
5    DRVRCNT    3.492 0.629  5.554 0.000
6    HHR_SEX    0.771 0.734  1.051 0.293
7      const   -7.037 1.273 -5.529 0.000
8    DRVRCNT    4.700 0.585  8.029 0.000
9    HHR_SEX    0.841 0.759  1.109 0.268
10     const    7.557 1.045  7.231 0.000
11  HHFAMINC   -0.055 0.026 -2.087 0.037
12 MEAN_COST   -3.680 0.544 -6.763 0.000
13     const    6.387 0.820  7.787 0.000
14  HHFAMINC   -0.024 0.025 -0.959 0.338
15 MEAN_COST   -3.183 0.413 -7.706 0.000
16     const    6.526 0.794  8.218 0.000
17  HHFAMINC   -0.027 0.020 -1.293 0.196
18 MEAN_COST   -3.230 0.412 -7.846 0.000
19      L_21    1.274 0.708  1.800 0.072
20      L_22    1.304 0.572  2.279 0.023
21      L_31    1.674 1.171  1.429 0.153
22      L_32    1.767 1.468  1.204 0.229
23      L_33    1.644 0.883  1.861 0.063
24      L_41   -0.430 0.270 -1.591 0.112
25      L_42    0.053 0.208  0.254 0.799
26      L_43    0.178 0.225  0.790 0.429
27      L_44    0.801 0.270  2.963 0.003
28      L_51   -0.208 0.174 -1.193 0.233
29      L_52   -0.155 0.164 -0.945 0.345
30      L_53    0.152 0.151  1.004 0.315
31      L_54    0.546 0.370  1.475 0.140
32      L_55    0.729 0.184  3.970 0.000
33      L_61   -0.208 0.180 -1.155 0.248
34      L_62   -0.176 0.160 -1.103 0.270
35      L_63    0.133 0.169  0.787 0.431
36      L_64    0.543 0.376  1.445 0.148
37      L_65    0.723 0.186  3.892 0.000
38      L_66   -0.015 0.022 -0.658 0.511
maxLL  :  -2861.75 